010100011111100000010011110000010000011110001100000100000101011101010010010001010110001100101001111110000000000000000000
010100011111100000010011110000010000011110001100000100000100111101010010010000010001011100010101111110000000000000000000
01010001111110000001000101000100000100000111101000001001110111010010000011010110000010010101011111001001111110000000000000000000
0101000111111000000100011100010000010000011110100000100111110110100100000110101100000111110000010011010101010101111110000000000000
010100011111100000010011110000010000011110111110100000100000110011101001001001011001100111001001111110000000000000000000
010100011111100000010011110000010000011110111110100000100001100111010010010010000010010001001001111110000000000000000000
010100011111100000010011110000010000011110001100000100000101111100101001001000011000101010010101111110000000000000000000
0101000111111000000100111010100000100111010001100000100001101011001101010000100110110001010101011111100000000000000000
010100011111100000010011101010000010011101000110000010000010110110011010100101111001101010101001111110000000000000000000
010100011111100000010011101010000010011101000110000010000101101100110101001000111101100101010101111110000000000000000000
01010001111110000001001110101000001001110100010000101010011010100110110111011010101001111110000000000000000000
