11111111111111111111111111111111111111111111111111010101010101000111111000000100111100000100000111100011000001000001010111010100100100010101100011001010011111100000000000000000000
11111111111111111111111111111111111111111111111111010101010101000111111000000100111100000100000111100011000001000001001111010100100100000100010111000101011111100000000000000000000
1111111111111111111111111111111111111111111111111101010101010100011111100000010001010001000001000001111010000010011101110100100000110101100000100101010111110010011111100000000000000000000
111111111111111111111111111111111111111111111111110101010101010001111110000001000111000100000100000111101000001001111101101001000001101011000001111100000100110101010101011111100000000000000000000
11111111111111111111111111111111111111111111111111010101010101000111111000000100111100000100000111101111101000001000001100111010010010010110011001110010011111100000000000000000000
11111111111111111111111111111111111111111111111111010101010101000111111000000100111100000100000111101111101000001000011001110100100100100000100100010010011111100000000000000000000
11111111111111111111111111111111111111111111111111010101010101000111111000000100111100000100000111100011000001000001011111001010010010000110001010100101011111100000000000000000000
11111111111111111111111111111111111111111111111111010101010101000111111000000100111010100000100111010001100000100001101011001101010000100110110001010101011111100000000000000000000
11111111111111111111111111111111111111111111111111010101010101000111111000000100111010100000100111010001100000100000101101100110101001011110011010101010011111100000000000000000000
11111111111111111111111111111111111111111111111111010101010101000111111000000100111010100000100111010001100000100001011011001101010010001111011001010101011111100000000000000000000
1111111111111111111111111111111111111111111111111101010101010100011111100000010011101010000010011101000100001010100110101001101101110110101010011111100000000000000000000